-32.36238686 115.76573462
40.76188 -73.96826
-34.78393 -58.30754
43.78609342 -79.36784259
-34.78393 -58.30756
-34.9245566 -56.1577305
8.9812 -79.52191
41.38703237 2.17149136
53.54947338 9.96415137
14.618 -90.5249
14.618 -90.5249
14.618 -90.5249
14.618 -90.5249
14.618 -90.5249
14.618 -90.5249
-34.7839 -58.30758
-34.78393 -58.30758
24.8566388 67.200428
36.6900482 -4.4451499
36.6900482 -4.4451499
36.6900482 -4.4451499
48.846947 2.29405
-33.0933813 -68.4652323
-43.54728978 172.58886572
9.11666667 -79.7
-34.78393 -58.30758
8.96667 -79.5333
53.3167 -3.1
4.828516 7.003183
6.45306 3.39583
-0.2158565 -78.5029245
-34.7839 -58.30759
-34.78393 -58.30758
-28.4832 24.677
19.0728 72.8826
19.0728 72.8826
40.66826334 -73.96329083
-34.78393 -58.30754
-34.78375 -58.30771
-34.78393 -58.30758
-34.78386 -58.30759
42.96805672 -78.65303878
-39.0277861 -67.5725779
-34.78393 -58.30754
-34.78393 -58.30758
-34.78393 -58.30754
-34.7798875 -58.2894087
-34.78393 -58.30754
-34.57761192 -58.44784128
-33.6693699 -65.4689892
-1.7899 -78.0958
-1.7899 -78.0958
-1.7899 -78.0958
-1.7899 -78.0958
-1.7899 -78.0958
